,true_values,predicted_values
0,45.89778499061806,44.25576648045899
1,41.79772493045675,40.414947930038124
2,39.75704356052944,37.672737760111836
3,40.69641069978745,39.17314592563119
4,52.47206545207263,48.33119786805273
5,41.01996441691019,39.658968358200354
6,50.17570599024332,46.7439268697876
7,39.936315240759605,38.758583703746595
8,45.690270734406624,43.35746985224951
9,41.039326446847,38.65703060043818
10,52.17840697279962,48.70852651458552
11,27.288610412074192,28.09684855452134
12,48.619037973482406,44.71618633233584
13,43.36875317899641,40.875367781914974
14,42.286978160305814,38.133157611988686
15,42.79798151302332,39.63356577750804
16,50.033904125024236,48.79161771992958
17,43.199147876354075,40.119388210077204
18,49.77157122048804,47.20434672166445
19,42.53389081609969,39.219003555623445
20,46.705099369349526,43.81788970412636
21,42.991571216914494,39.11745045231503
22,54.38069344893388,49.16894636646237
23,27.50784922322258,28.55726840639819
24,47.021902093277625,45.17660618421314
25,42.61042836553251,41.33578763379228
26,39.5686785445699,38.59357746386599
27,41.15495166895778,40.093985629385344
28,54.39472777973635,49.25203757180689
29,40.28868556536001,40.57980806195451
30,50.931119293345816,47.664766573541755
31,40.51298270387803,39.67942340750075
32,46.46570136097666,44.27830955600366
33,40.97279141740969,39.57787030419234
34,50.93171904602657,49.629366218339676
35,29.02018225351116,29.017688258275495
36,42.83636210691035,45.63702603609045
37,39.94946171757642,41.79620748566958
38,40.08328113124588,39.053997315743295
39,40.20459924970745,40.55440548126265
40,46.02184379017819,49.71245742368419
41,40.5417189516984,41.040227913831814
42,46.597987610591375,48.12518642541906
43,40.12343952918947,40.139843259378054
44,42.47205340970874,44.73872940788097
45,39.832507536800755,40.03829015606964
46,49.71455905348866,50.08978607021698
47,28.352692917682,29.4781081101528
48,53.6785053222422,46.0974458879673
49,47.454936432644054,42.25662733754643
50,41.93275420380993,39.514417167620145
51,44.64409102335275,41.0148253331395
52,55.933895884983414,50.17287727556104
53,45.16547982212701,41.50064776570866
54,54.96513949561055,48.58560627729591
55,44.19653467347509,40.600263111254904
56,51.76433511003632,45.19914925975782
57,42.7626733265139,40.49871000794649
58,57.54322647295962,50.55020592209383
59,29.733693252332532,29.93852796202965
60,51.240519561706535,46.5578657398446
61,44.91647585076846,42.71704718942374
62,41.69180643459625,39.97483701949745
63,43.45063945847516,41.4752451850168
64,56.51865702882836,50.63329712743835
65,43.86054456536481,41.96106761758597
66,56.07099044820805,49.046026129173214
67,42.79869530427506,41.06068296313221
68,48.37361634758056,45.65956911163512
69,42.98625846931369,40.9591298598238
70,55.4388895502468,51.010625773971135
71,29.730890349217276,30.398947813906954
72,54.02326676581341,47.018285591721906
73,47.330254528084296,43.17746704130104
74,44.788776255546146,40.435256871374754
75,47.78630704520942,41.93566503689411
76,59.029111852840735,51.09371697931565
77,46.96162819127432,42.42148746946327
78,59.62947819662785,49.50644598105052
79,46.37393129848345,41.52110281500951
80,51.46335980518592,46.11998896351243
81,46.14458914871405,41.4195497117011
82,57.94416814287647,51.47104562584844
83,32.039844106909506,30.85936766578426
84,31.564517556955416,47.478705443598756
85,30.099165424915423,43.63788689317789
86,28.69175566535638,40.895676723251604
87,28.972428101428058,42.39608488877096
88,41.689600192356245,51.5541368311925
89,30.81453087169669,42.88190732134012
90,28.456546985673516,49.96686583292737
91,29.724177050175555,41.98152266688636
92,33.51431002026763,46.580408815389276
93,29.812705007440133,41.87996956357795
94,36.50677460427451,51.93146547772529
95,26.36380023406995,31.31978751766111
96,44.63071729029708,47.93912529547606
97,40.78046647220937,44.0983067450552
98,37.81192145941535,41.35609657512891
99,39.77187114412605,42.85650474064826
100,50.84052769925584,52.014556683069806
101,40.80122896025037,43.34232717321743
102,47.51928054971663,50.42728568480467
103,39.760507750891286,42.44194251876367
104,43.76620020097173,47.04082866726658
105,39.687167370286836,42.340389415455256
106,49.0042888517282,52.391885329602594
107,28.52556369902228,31.780207369538413
108,55.15668119517537,48.399545147353365
109,50.497208471736755,44.5587265969325
110,46.34993535147631,41.81651642700621
111,48.73858557039927,43.31692459252557
112,60.76972575726525,52.47497653494711
113,48.89438494421017,43.80274702509473
114,58.85923833128684,50.88770553668198
115,49.04779217146255,42.90236237064097
116,53.68649598607476,47.501248519143886
117,46.827230323587216,42.80080926733256
118,60.47045021392773,52.8523051814799
119,32.58614046596704,32.24062722141572
120,44.92861615928361,48.859964999230215
121,40.04367362587794,45.01914644880935
122,38.97528150872084,42.27693627888306
123,39.39283192445419,43.77734444440242
124,49.15363283816683,52.93539638682396
125,40.29867432096836,44.26316687697158
126,49.241257647966044,51.34812538855883
127,38.617588006626534,43.36278222251782
128,43.90813376256557,47.961668371020735
129,38.71358326667116,43.26122911920941
130,49.77513820031603,53.31272503335675
131,27.486552807580246,32.70104707329257
132,49.623125449146485,49.32038485110752
133,44.77281066779302,45.479566300686656
134,42.935135540630185,42.73735613076037
135,44.339198765513956,44.23776429627972
136,54.52217960296458,53.395816238701265
137,44.05986432723575,44.723586728848886
138,54.439697154787105,51.80854524043613
139,43.686733127585555,43.82320207439513
140,47.61844008244705,48.42208822289804
141,42.770754651271254,43.721648971086715
142,53.77817975243009,53.77314488523405
143,29.450679646459033,33.161466925169876
